2016-03-16 14:09:55.338092 ‘run/LATEST.COMPILE’ -> ‘20160316/140955.289377000’
2016-03-16 14:09:55.338381 ‘run/RUNNING.COMPILE’ -> ‘20160316/140955.289377000’
2016-03-16 14:09:55.338409 Parsing DeepDive application (/Users/SnehaS/Desktop/DR/planetaryIR-Repo/app/planetaryir) to generate:
2016-03-16 14:09:55.338429  run/compiled/schema.json
2016-03-16 14:09:55.338449   from app.ddlog
2016-03-16 14:09:55.713842  run/compiled/deepdive.conf
2016-03-16 14:09:55.713930   from app.ddlog
2016-03-16 14:09:56.312906   from deepdive.conf
2016-03-16 14:09:56.319462  run/compiled/deepdive.conf.json
2016-03-16 14:09:56.603650 Performing sanity checks on run/compiled/deepdive.conf.json:
2016-03-16 14:09:56.641225  checking if input_extractors_well_defined
2016-03-16 14:09:56.641274  checking if input_schema_wellformed
2016-03-16 14:09:56.641581 Normalizing and adding built-in processes to the data flow to compile:
2016-03-16 14:09:56.642104  run/compiled/config-0.00-init_objects.json
2016-03-16 14:09:56.655744  run/compiled/config-0.01-parse_calibration.json
2016-03-16 14:09:56.667466  run/compiled/config-0.01-parse_schema.json
2016-03-16 14:09:56.683524  run/compiled/config-0.51-add_init_app.json
2016-03-16 14:09:56.696620  run/compiled/config-0.52-input_loader.json
2016-03-16 14:09:56.711749  run/compiled/config-1.00-qualified_names.json
2016-03-16 14:09:56.730893  run/compiled/config-1.01-parse_inference_rules.json
2016-03-16 14:09:56.754287  run/compiled/config-2.01-grounding.json
2016-03-16 14:09:56.817814  run/compiled/config-2.02-learning_inference.json
2016-03-16 14:09:56.834186  run/compiled/config-2.03-calibration_plots.json
2016-03-16 14:09:56.847939  run/compiled/config-9.98-ensure_init_app.json
2016-03-16 14:09:56.864780  run/compiled/config-9.99-dependencies.json
2016-03-16 14:09:56.879538  run/compiled/config.json
2016-03-16 14:09:56.885085 Validating run/compiled/config.json:
2016-03-16 14:09:56.959884  checking if compiled_base_relations_have_input_data
2016-03-16 14:09:56.960019  [WARNING] input/init.sh should load all base relations: articles 
2016-03-16 14:09:56.960046  checking if compiled_dependencies_correct
2016-03-16 14:09:56.960075  checking if compiled_input_output_well_defined
2016-03-16 14:09:56.960104  checking if compiled_output_uniquely_defined
2016-03-16 14:09:56.960653 Compiling executable code into:
2016-03-16 14:09:56.961093  run/compiled/code-Makefile.json
2016-03-16 14:09:56.979370  run/compiled/code-cmd_extractor.json
2016-03-16 14:09:56.991936  run/compiled/code-dataflow_dot.json
2016-03-16 14:09:57.011430  run/compiled/code-sql_extractor.json
2016-03-16 14:09:57.027034  run/compiled/code-tsv_extractor.json
2016-03-16 14:09:57.044216 Generating files:
2016-03-16 14:09:57.068351  run/Makefile
2016-03-16 14:09:57.086454  run/process/init/app/run.sh
2016-03-16 14:09:57.104072  run/process/init/relation/articles/run.sh
2016-03-16 14:09:57.122327  run/dataflow.dot
2016-03-16 14:09:57.138200  run/process/ext_person_mention_by_map_person_mention/run.sh
2016-03-16 14:09:57.156902  run/process/ext_sentences_by_nlp_markup/run.sh
2016-03-16 14:09:57.206190  run/dataflow.svg
2016-03-16 14:09:57.207318   (file:///Users/SnehaS/Desktop/DR/planetaryIR-Repo/app/planetaryir/run/dataflow.svg)
2016-03-16 14:09:57.212233 ‘run/compiled’ -> ‘run/compiled~’
2016-03-16 14:09:57.217250 ‘run/compiled’ -> ‘20160316/140955.289377000’
