2016-03-10 20:38:29.936700 ‘run/LATEST.COMPILE’ -> ‘20160310/203829.883979000’
2016-03-10 20:38:29.936931 ‘run/RUNNING.COMPILE’ -> ‘20160310/203829.883979000’
2016-03-10 20:38:29.936953 Parsing DeepDive application (/Users/SnehaS/Desktop/DR/planetaryIR-Repo/app/planetaryir) to generate:
2016-03-10 20:38:29.936973  run/compiled/schema.json
2016-03-10 20:38:29.936995   from app.ddlog
2016-03-10 20:38:30.341257  run/compiled/deepdive.conf
2016-03-10 20:38:30.341372   from app.ddlog
2016-03-10 20:38:30.834324   from deepdive.conf
2016-03-10 20:38:30.840671  run/compiled/deepdive.conf.json
2016-03-10 20:38:31.134076 Performing sanity checks on run/compiled/deepdive.conf.json:
2016-03-10 20:38:31.174891  checking if input_extractors_well_defined
2016-03-10 20:38:31.175050  checking if input_schema_wellformed
2016-03-10 20:38:31.175729 Normalizing and adding built-in processes to the data flow to compile:
2016-03-10 20:38:31.176348  run/compiled/config-0.00-init_objects.json
2016-03-10 20:38:31.189402  run/compiled/config-0.01-parse_calibration.json
2016-03-10 20:38:31.202761  run/compiled/config-0.01-parse_schema.json
2016-03-10 20:38:31.219952  run/compiled/config-0.51-add_init_app.json
2016-03-10 20:38:31.235935  run/compiled/config-0.52-input_loader.json
2016-03-10 20:38:31.253281  run/compiled/config-1.00-qualified_names.json
2016-03-10 20:38:31.272990  run/compiled/config-1.01-parse_inference_rules.json
2016-03-10 20:38:31.297219  run/compiled/config-2.01-grounding.json
2016-03-10 20:38:31.364554  run/compiled/config-2.02-learning_inference.json
2016-03-10 20:38:31.380482  run/compiled/config-2.03-calibration_plots.json
2016-03-10 20:38:31.394048  run/compiled/config-9.98-ensure_init_app.json
2016-03-10 20:38:31.411041  run/compiled/config-9.99-dependencies.json
2016-03-10 20:38:31.425645  run/compiled/config.json
2016-03-10 20:38:31.430946 Validating run/compiled/config.json:
2016-03-10 20:38:31.511608  checking if compiled_base_relations_have_input_data
2016-03-10 20:38:31.511678  [WARNING] input/init.sh should load all base relations: articles 
2016-03-10 20:38:31.511706  checking if compiled_dependencies_correct
2016-03-10 20:38:31.511727  checking if compiled_input_output_well_defined
2016-03-10 20:38:31.511745  checking if compiled_output_uniquely_defined
2016-03-10 20:38:31.511980 Compiling executable code into:
2016-03-10 20:38:31.512291  run/compiled/code-Makefile.json
2016-03-10 20:38:31.528468  run/compiled/code-cmd_extractor.json
2016-03-10 20:38:31.541059  run/compiled/code-dataflow_dot.json
2016-03-10 20:38:31.561549  run/compiled/code-sql_extractor.json
2016-03-10 20:38:31.577289  run/compiled/code-tsv_extractor.json
2016-03-10 20:38:31.595525 Generating files:
2016-03-10 20:38:31.619808  run/Makefile
2016-03-10 20:38:31.636589  run/process/init/app/run.sh
2016-03-10 20:38:31.655407  run/process/init/relation/articles/run.sh
2016-03-10 20:38:31.669404  run/dataflow.dot
2016-03-10 20:38:31.684110  run/process/ext_person_mention_by_map_person_mention/run.sh
2016-03-10 20:38:31.702756  run/process/ext_sentences_by_nlp_markup/run.sh
2016-03-10 20:38:31.753721  run/dataflow.svg
2016-03-10 20:38:31.754697   (file:///Users/SnehaS/Desktop/DR/planetaryIR-Repo/app/planetaryir/run/dataflow.svg)
2016-03-10 20:38:31.758542 ‘run/compiled’ -> ‘run/compiled~’
2016-03-10 20:38:31.762366 ‘run/compiled’ -> ‘20160310/203829.883979000’
