2016-03-10 17:33:34.464096 ‘run/LATEST.COMPILE’ -> ‘20160310/173334.342231000’
2016-03-10 17:33:34.464585 ‘run/RUNNING.COMPILE’ -> ‘20160310/173334.342231000’
2016-03-10 17:33:34.464611 Parsing DeepDive application (/Users/SnehaS/Desktop/DR/planetaryIR-Repo/app/planetaryir) to generate:
2016-03-10 17:33:34.464633  run/compiled/schema.json
2016-03-10 17:33:34.464650   from app.ddlog
2016-03-10 17:33:35.034939  run/compiled/deepdive.conf
2016-03-10 17:33:35.035030   from app.ddlog
2016-03-10 17:33:35.511359   from deepdive.conf
2016-03-10 17:33:35.517333  run/compiled/deepdive.conf.json
2016-03-10 17:33:35.865700 Performing sanity checks on run/compiled/deepdive.conf.json:
2016-03-10 17:33:35.904974  checking if input_extractors_well_defined
2016-03-10 17:33:35.905050  checking if input_schema_wellformed
2016-03-10 17:33:35.905423 Normalizing and adding built-in processes to the data flow to compile:
2016-03-10 17:33:35.905836  run/compiled/config-0.00-init_objects.json
2016-03-10 17:33:35.919474  run/compiled/config-0.01-parse_calibration.json
2016-03-10 17:33:35.932359  run/compiled/config-0.01-parse_schema.json
2016-03-10 17:33:35.951399  run/compiled/config-0.51-add_init_app.json
2016-03-10 17:33:35.963615  run/compiled/config-0.52-input_loader.json
2016-03-10 17:33:35.977979  run/compiled/config-1.00-qualified_names.json
2016-03-10 17:33:35.993441  run/compiled/config-1.01-parse_inference_rules.json
2016-03-10 17:33:36.018941  run/compiled/config-2.01-grounding.json
2016-03-10 17:33:36.090830  run/compiled/config-2.02-learning_inference.json
2016-03-10 17:33:36.107138  run/compiled/config-2.03-calibration_plots.json
2016-03-10 17:33:36.120648  run/compiled/config-9.98-ensure_init_app.json
2016-03-10 17:33:36.136400  run/compiled/config-9.99-dependencies.json
2016-03-10 17:33:36.150515  run/compiled/config.json
2016-03-10 17:33:36.155164 Validating run/compiled/config.json:
2016-03-10 17:33:36.226225  checking if compiled_base_relations_have_input_data
2016-03-10 17:33:36.226287  [WARNING] input/init.sh should load all base relations: articles 
2016-03-10 17:33:36.226306  checking if compiled_dependencies_correct
2016-03-10 17:33:36.226322  checking if compiled_input_output_well_defined
2016-03-10 17:33:36.226339  checking if compiled_output_uniquely_defined
2016-03-10 17:33:36.226622 Compiling executable code into:
2016-03-10 17:33:36.226883  run/compiled/code-Makefile.json
2016-03-10 17:33:36.243943  run/compiled/code-cmd_extractor.json
2016-03-10 17:33:36.257528  run/compiled/code-dataflow_dot.json
2016-03-10 17:33:36.279610  run/compiled/code-sql_extractor.json
2016-03-10 17:33:36.295247  run/compiled/code-tsv_extractor.json
2016-03-10 17:33:36.313390 Generating files:
2016-03-10 17:33:36.333112  run/Makefile
2016-03-10 17:33:36.348625  run/process/init/app/run.sh
2016-03-10 17:33:36.362800  run/process/init/relation/articles/run.sh
2016-03-10 17:33:36.380215  run/dataflow.dot
2016-03-10 17:33:36.395860  run/process/ext_person_mention_by_map_person_mention/run.sh
2016-03-10 17:33:36.414194  run/process/ext_sentences_by_nlp_markup/run.sh
2016-03-10 17:33:36.475049  run/dataflow.svg
2016-03-10 17:33:36.475976   (file:///Users/SnehaS/Desktop/DR/planetaryIR-Repo/app/planetaryir/run/dataflow.svg)
2016-03-10 17:33:36.478689 ‘run/compiled’ -> ‘run/compiled~’
2016-03-10 17:33:36.481558 ‘run/compiled’ -> ‘20160310/173334.342231000’
