2016-02-25 10:34:30.670130 ‘run/LATEST.COMPILE’ -> ‘20160225/103430.579839000’
2016-02-25 10:34:30.670366 ‘run/RUNNING.COMPILE’ -> ‘20160225/103430.579839000’
2016-02-25 10:34:30.670395 Parsing DeepDive application (/Users/SnehaS/Desktop/DR/planetaryIR-Repo/app/planetaryIR) to generate:
2016-02-25 10:34:30.670417  run/compiled/schema.json
2016-02-25 10:34:30.670444   from app.ddlog
2016-02-25 10:34:31.096272  run/compiled/deepdive.conf
2016-02-25 10:34:31.096459   from app.ddlog
2016-02-25 10:34:31.589548   from deepdive.conf
2016-02-25 10:34:31.594887  run/compiled/deepdive.conf.json
2016-02-25 10:34:31.933361 Performing sanity checks on run/compiled/deepdive.conf.json:
2016-02-25 10:34:31.976962  checking if input_extractors_well_defined
2016-02-25 10:34:31.977032  checking if input_schema_wellformed
2016-02-25 10:34:31.977400 Normalizing and adding built-in processes to the data flow to compile:
2016-02-25 10:34:31.977910  run/compiled/config-0.00-init_objects.json
2016-02-25 10:34:31.993439  run/compiled/config-0.01-parse_calibration.json
2016-02-25 10:34:32.006211  run/compiled/config-0.01-parse_schema.json
2016-02-25 10:34:32.023916  run/compiled/config-0.51-add_init_app.json
2016-02-25 10:34:32.038630  run/compiled/config-0.52-input_loader.json
2016-02-25 10:34:32.053370  run/compiled/config-1.00-qualified_names.json
2016-02-25 10:34:32.072929  run/compiled/config-1.01-parse_inference_rules.json
2016-02-25 10:34:32.102976  run/compiled/config-2.01-grounding.json
2016-02-25 10:34:32.170684  run/compiled/config-2.02-learning_inference.json
2016-02-25 10:34:32.186175  run/compiled/config-2.03-calibration_plots.json
2016-02-25 10:34:32.199111  run/compiled/config-9.98-ensure_init_app.json
2016-02-25 10:34:32.213499  run/compiled/config-9.99-dependencies.json
2016-02-25 10:34:32.229438  run/compiled/config.json
2016-02-25 10:34:32.232919 Validating run/compiled/config.json:
2016-02-25 10:34:32.306265  checking if compiled_base_relations_have_input_data
2016-02-25 10:34:32.306317  checking if compiled_dependencies_correct
2016-02-25 10:34:32.306338  checking if compiled_input_output_well_defined
2016-02-25 10:34:32.306357  checking if compiled_output_uniquely_defined
2016-02-25 10:34:32.306694 Compiling executable code into:
2016-02-25 10:34:32.306967  run/compiled/code-Makefile.json
2016-02-25 10:34:32.323620  run/compiled/code-cmd_extractor.json
2016-02-25 10:34:32.336445  run/compiled/code-dataflow_dot.json
2016-02-25 10:34:32.354796  run/compiled/code-sql_extractor.json
2016-02-25 10:34:32.372884  run/compiled/code-tsv_extractor.json
2016-02-25 10:34:32.396874 Generating files:
2016-02-25 10:34:32.416115  run/Makefile
2016-02-25 10:34:32.432987  run/process/init/app/run.sh
2016-02-25 10:34:32.453962  run/process/init/relation/articles/run.sh
2016-02-25 10:34:32.471320  run/dataflow.dot
2016-02-25 10:34:32.482928  run/process/ext_sentences_by_nlp_markup/run.sh
2016-02-25 10:34:32.533424  run/dataflow.svg
2016-02-25 10:34:32.535096   (file:///Users/SnehaS/Desktop/DR/planetaryIR-Repo/app/planetaryIR/run/dataflow.svg)
2016-02-25 10:34:32.538808 ‘run/compiled’ -> ‘run/compiled~’
2016-02-25 10:34:32.541678 ‘run/compiled’ -> ‘20160225/103430.579839000’
